AGP-result: 5.14863
Actual-result: 5.14574
Difference-in-results: 0.00289801
Iterations-count: 306
Minimum-calculating-time: 0.003794
