AGP-result: 5.87662
Actual-result: 5.87729
Difference-in-results: 0.000666987
Iterations-count: 508
Minimum-calculating-time: 0.006909
