AGP-result: 0.680243
Actual-result: 0.67956
Difference-in-results: 0.000683326
Iterations-count: 2281
Minimum-calculating-time: 0.029239
