AGP-result: 5.14863
Actual-result: 5.14574
Difference-in-results: 0.00289803
Iterations-count: 888
Minimum-calculating-time: 0.011975
